19278775
15112474
19186412
14941129
19212047
19098963
19167371
19299683
19179877
18815400
19164359
16423666
18867331
18874018
19089529
19168408
14979675
15411014
19140288
12283323
12283114
17148945
19212847
18859965
19221805
19270159
19248906
18550824
14393289
16952148
16952195
19279682
19113592
19244343
19268500
19112191
17642709
15794998
18735699
18667977
17588898
18753409
19295534
18458019
19120328
19120571
19119936
19293535
19293536
19279346
19204298
19204227
17888731
19125789
17825531
18880343
19299577
18874461
15569115
19299521
13778690
19299165
19299161
19248029
18841035
19164889
16472599
10467490
18993855
18201095
19042336
18857345
18880115
19293537
19293538
19293539
19225166
19173590
19204204
19114154
16797552
18878620
19240494
19294282
19120769
17590128
19292345
18895189
19272996
19196025
19102699
19235952
18927057
19291040
18351416
18075722
19005495
18896797
19230468
19189981
15618209
19109924
19218329
19288203
19189044
18323662
18323663
18336244
18336245
19193674
18824324
19213606
18765221
18921022
18923067
19091619
19300872
18433549
18841304
18908514
19301169
19301171
19301172
19018414
17924403
19279025
19278245
17072507
19211492
15781050
17381891
19228383
19141911
18736750
18004052
18768527
17513040
17338275
18814445
18323680
18323681
18323682
18323683
18323684
18323685
18323686
18323687
18323656
18323657
18323658
18323659
18323660
18323648
18323649
18323652
18922847
18923074
18920801
18782687
14939718
17577953
18667872
17679653
17922431
19290783
19287341
19271623
18657733
19103521
19059771
19062144
19291450
16272815
17654974
18323661
18323650
18323651
19054123
19214304
17404218
18323653
18323654
18323655
18323672
18323673
18323674
18323675
19228024
19196800
19116142
16757695
19008808
17720103
18565522
15625229
18323678
18323664
18323679
18323643
18323644
18323645
18323646
18323647
18323665
18323666
18323667
18323668
18323669
18323670
18323671
18323808
18323677
18969328
18604693
18070734
19021188
19301449
19076650
18987165
19229963
18886319
19185154
19185141
18987196
18968229
19229974
18394376
19229982
19309754
18407495
19307809
18878648
18933862
17059260
17149284
17285931
16815682
19102876
19303214
19144943
14771246
19244344
17439309
18503369
18401480
18575918
19191526
18636528
18815298
17977912
18606767
18922841
19284985
19284980
19284977
19284973
18932382
17223665
19072716
18954285
19081501
18918165
19283465
17715425
19086849
18680070
19281518
19058981
18161038
18161039
18463423
18323676
18323777
18323778
18323780
18323789
18323790
18323791
18323801
18323802
18323807
18323772
19307451
18811895
19307799
15929095
17346534
19235996
17513745
18650764
19141932
19304612
19193834
18959650
18684337
19230970
19150438
18942515
18976502
18613778
18127478
19077641
17935308
16591281
19286661
16792337
17615038
19285270
18352989
17981915
15301262
17349700
16813477
17071120
17071091
16779760
18813467
18176699
18176976
17677196
19216879
18553179
18323809
18323810
18323811
18323776
18323779
18323784
18323785
18323787
18323788
18323781
18323782
18323783
18323792
18323793
18323800
18323803
18323804
18323805
18323806
18323796
18323773
18323774
18323775
17398261
14210161
17461587
17461590
17461575
17461582
18284652
19191442
19004547
19042264
19290248
19146819
15338191
18185748
14637671
15700101
19030859
18784998
19029500
19062257
12954305
19288822
19029192
19271780
18966278
19303210
19291506
18864580
19091569
19279829
18298954
16892318
16272832
18678464
19069402
17779268
19206351
19228031
19256083
17444688
19274762
19277008
19276987
19028604
19228370
18978772
19277001
19264711
19252288
19275409
18453871
16924650
16924634
17759130
18942684
19223021
18323786
18323797
18323798
18323799
15487164
18750126
18684544
18684541
19025741
18943975
17390228
13758324
18785012
17164129
17340425
19110048
16364810
18089446
18900773
18850622
19234475
19232867
19230616
13934343
18822915
18161037
19109074
18169249
18001086
19025710
18323794
18323795
18907050
19254542
19147579
19254535
19254540
19254541
19254543
18939809
18939810
18939811
19127607
19058993
18804869
18804870
19099180
17635207
19228099
17799287
18497093
5077797
18550742
19268542
19276298
18714117
19149107
18679788
18281566
19274567
18463336
18574281
19274456
18606864
14936844
19156908
18750108
17102283
17282796
19093522
19312157
18183913
19278082
16928942
18770902
19283330
19040943
18680098
19254536
19254537
19254538
19254539
19224219
17782588
19234803
19234809
19001979
18784987
19234798
19287749
14291886
16435449
19269554
19279472
18406562
18636806
19254483
18195493
18768762
18373094
17282808
17282809
17282810
17282811
17282804
17282805
17282806
17282793
17282794
17282795
17282797
17282798
17282799
18917732
17282800
17282801
17282802
17282803
17461584
17461585
17461588
17461589
17461591
17461580
17461581
17461583
17461586
17461592
15700100
9880932
18747557
18855055
18937680
19278768
18645063
18695447
19227114
13637267
17282807
17461571
17461572
17461576
17461577
17461578
17461579
17363357
17363358
17363359
17363355
17669265
17669255
17669256
17669258
17669259
17669257
17669260
17669262
17669263
17669261
19077418
19250695
19285430
19285172
19088665
19261323
19261309
19261299
19261290
19261324
19019796
17890359
18943038
19003442
19073860
19258080
19257588
19170969
18829302
19175475
18665168
18006544
18006546
18006545
18791870
18006547
17596029
19254840
19254696
19220166
19220167
19220172
18846269
17978688
18823523
19286619
14754016
18894516
19018059
16854433
19252386
19266065
19285963
14637662
18648510
19272464
19220164
19220165
12698075
16041868
18884477
17963714
19128799
19177034
17051366
13746378
19274293
19294126
19274576
19050452
19050453
19273870
18955196
19268577
19211153
17461573
17363356
18481620
19020420
19185153
19180137
18534079
17785901
16838634
17253413
19245488
14637645
18647332
18628351
18808123
19243913
19031522
19003538
18311120
19106966
18792740
19112733
19110131
18840622
18840718
18840824
18840763
18704197
18569599
18410265
19223024
17183304
18359531
17669264
18129918
14636654
17703844
18829852
14637650
