19191340
19304667
19141429
19311654
19141434
19312021
19359591
19356900
19319780
18889085
18889137
19156876
19262762
19378782
19306949
17453887
18889147
19110495
18889150
18889134
19141511
18889052
18902253
18889135
18902254
18889157
18323645
19292024
18323774
19110442
19269003
19374696
19350155
19345007
19125611
19276819
16838634
19307270
19282894
19099180
18939712
19305376
17282795
19110305
19301054
19295684
19374694
19374695
19295612
19262716
19259039
19290502
19119715
19245857
19236534
19262787
19275524
19291413
19423238
19252373
19262504
19418899
19261327
18980888
19434051
19424802
19408829
19407167
19406576
19401026
19009215
19389208
19377608
19161769
19372240
19377654
19374693
19251757
19260559
19150296
19423006
18607783
19367860
19410363
19414382
19312170
19424184
19406542
19417852
19246350
19433772
19429848
18971684
18528120
19407161
